[gd_scene load_steps=4 format=3 uid="uid://6xpkt7p13fj8"]

[ext_resource type="PackedScene" uid="uid://duf2fk4ljpvpl" path="res://block.tscn" id="1_3hls8"]

[sub_resource type="BoxMesh" id="BoxMesh_ilcil"]
size = Vector3(10, 0.5, 10)

[sub_resource type="BoxShape3D" id="BoxShape3D_3hls8"]
size = Vector3(10, 0.5, 10)

[node name="Level1" type="Node3D"]

[node name="Camera3D" type="Camera3D" parent="."]
transform = Transform3D(1, 0, 0, 0, 0.867887, 0.496762, 0, -0.496762, 0.867887, -0.00108051, 4.01478, 7.13762)

[node name="Floor" type="StaticBody3D" parent="."]
metadata/_edit_group_ = true

[node name="MeshInstance3D" type="MeshInstance3D" parent="Floor"]
mesh = SubResource("BoxMesh_ilcil")

[node name="CollisionShape3D" type="CollisionShape3D" parent="Floor"]
shape = SubResource("BoxShape3D_3hls8")

[node name="DirectionalLight3D" type="DirectionalLight3D" parent="."]
transform = Transform3D(1, 0, 0, 0, 0.747497, 0.664266, 0, -0.664266, 0.747497, 0, 3.77501, 2.59995)
shadow_enabled = true

[node name="Block1" parent="." instance=ExtResource("1_3hls8")]
transform = Transform3D(0.751356, -0.659897, 0, 0.659897, 0.751356, 0, 0, 0, 1, 0, 2.57521, 0)

[node name="Block2" parent="." instance=ExtResource("1_3hls8")]
transform = Transform3D(0.751356, -0.659897, 0, 0.659897, 0.751356, 0, 0, 0, 1, -0.821609, 4.28171, 0.14271)

[node name="Block3" parent="." instance=ExtResource("1_3hls8")]
transform = Transform3D(0.751356, -0.659897, 0, 0.659897, 0.751356, 0, 0, 0, 1, -2.28855, 4.28171, 0.871496)

[node name="Block4" parent="." instance=ExtResource("1_3hls8")]
transform = Transform3D(0.751356, -0.659897, 0, 0.659897, 0.751356, 0, 0, 0, 1, 0.564709, 4.48384, 0.14271)
